3.731888349175014330e-01 5.121901226631444537e-01 4.435846180239179093e-01 4.264086333512694393e-01
2.672282040341760201e-01 4.244873851941717291e-01 5.052106815976263876e-01 6.844344949857692484e-01
1.003491668547655813e-01 8.332592844012038924e-01 4.490338041566799276e-01 2.354745804571992673e-01
7.915782599867982050e-01 6.824240518999588057e-01 8.308382243348414464e-01 7.739275448234351762e-01
nan 5.705818866244460885e-02 5.780159255983431388e-01 6.688254537890815365e-01
7.969175737576033036e-01 6.577568701851733701e-01 1.625101175786051177e-01 8.224457337906554422e-02
7.133855941015757596e-01 1.142623715528867656e-03 3.077329130466156526e-01 3.483356317253757384e-01
5.137481859164919618e-01 1.697160686914012118e-02 9.684130496827215717e-01 6.127732234270473199e-01
4.330489489128930281e-01 4.536054261128653620e-01 9.797218534272333912e-02 6.379927651364291075e-01
5.665882201166375642e-01 2.438333404520530712e-01 2.525035831008712872e-01 2.978312291808834500e-01
4.057196940516741845e-01 3.291465851448559521e-01 2.701327999124970569e-01 nan
8.184970872171538625e-01 3.105293576208829620e-01 4.767322824897094469e-01 1.506813893094283152e-01
4.649117160818551087e-01 nan 4.533024025333314277e-01 8.038837835618818373e-01
3.317169957662630120e-01 1.811741504723006768e-01 1.935101600864913562e-01 1.059921829646792713e-02
6.801529991153850707e-01 6.630988644188950953e-01 4.972582743891436063e-01 7.916384956330837497e-01
4.111084022938961136e-01 6.990743699872292716e-02 1.513151530220957497e-01 6.276736900284484166e-01
2.309925291479623111e-01 7.865220138524348092e-01 4.211934372066364896e-01 6.863043734508917915e-01
6.621812433252368679e-01 9.259630097387894221e-02 5.616085130521889512e-01 8.902194503607422371e-01
6.740060354906376450e-01 2.861833128657710335e-01 9.561870457546863822e-01 8.593639583193362075e-01
8.445467135879984877e-01 1.534678720164993626e-01 3.517541971554294378e-01 1.969497226620353647e-01
