1.000000000000000000e+00 1.811669400959107223e-01 9.514042676990862590e-01 8.424416027542824814e-02 6.031660952262810627e-01 2.027470390984852378e-01 5.120448208828265457e-02 6.604445215442215078e-01 8.803832268290672225e-01 6.167371424643108835e-02 9.105256800163630260e-02
1.000000000000000000e+00 6.285031777154828081e-01 3.813255745564173571e-01 2.654065583119409322e-01 5.331897138995648211e-01 9.235625314474837921e-01 2.604157152012119836e-01 4.212162431859375333e-01 8.522977352287453012e-01 1.762090374451170671e-01 4.997318444657861125e-01
1.000000000000000000e+00 9.225106940693986735e-01 9.302441970457675513e-01 7.863202909212009262e-01 7.521679081815886292e-01 8.727269111795564749e-01 2.187493576453960475e-01 4.762711782686019912e-01 7.079799784920369765e-01 2.865165476943831724e-02 7.050124990736381658e-01
-1.000000000000000000e+00 1.056191605214680251e-01 4.170475384449606748e-01 6.385269558195129092e-01 3.987958671724134430e-02 2.724312221380551513e-01 7.275488693305870447e-01 8.964556807362962232e-01 5.273392207939031628e-02 5.109680645211114314e-01 9.792532923384327237e-01
1.000000000000000000e+00 8.781298871532503547e-01 6.857325555243455328e-01 9.008334626086765828e-01 4.555028149851577668e-01 2.047413156592186034e-01 6.669768176326428266e-01 5.194816433155582391e-01 9.995157861733300342e-01 9.731248151500386800e-01 8.714421087912931352e-01
1.000000000000000000e+00 7.067074241045547822e-01 2.676799617760589056e-01 4.232558390405483095e-01 4.684414264794481975e-01 4.417292289184255871e-01 1.925823882648280971e-03 4.339178671490838690e-01 6.446863759946923622e-01 1.377854297072059753e-01 1.270151512267072569e-01
-1.000000000000000000e+00 4.865303087478578536e-02 1.334167159192024554e-01 7.635671232926410923e-01 5.594232530835075989e-01 9.255784399151582020e-01 2.977831982967342750e-01 8.101233073212164015e-01 3.777074311066442869e-01 4.349171754397989087e-01 5.991058988252664363e-01
-1.000000000000000000e+00 3.068911346147127350e-01 2.913681524292057734e-01 3.659701391717223862e-01 1.921692202624806223e-01 4.812593465594827702e-02 3.415765202223790542e-01 3.544006933500789547e-01 1.087345470331499975e-01 3.216722869068755486e-02 7.404608786744910631e-01
-1.000000000000000000e+00 8.705477094057227916e-01 4.057808019804409749e-01 4.272062880834592846e-03 7.805889280887957637e-01 7.837373656504288411e-01 4.807853425052144303e-01 9.807175684805800042e-01 5.909574549602691906e-02 3.500593619307945659e-01 2.417419785695036349e-01
-1.000000000000000000e+00 3.495823241092429479e-01 8.620153477205072523e-02 9.747233505377220775e-01 7.258216807692151606e-01 3.442573062416369734e-01 1.906288103461585282e-01 6.846460625143387935e-01 6.152756171584898848e-01 9.762901562582609882e-01 4.017814409004271115e-01
-1.000000000000000000e+00 9.113080777861359838e-02 3.964689146708957335e-01 1.599936971896354088e-01 3.843713770793734108e-01 1.201863835977494688e-01 1.610471340411914198e-01 9.112350710881820248e-01 5.672856011171863999e-01 3.321688778757457827e-01 3.978479247528452500e-01
-1.000000000000000000e+00 4.543175002121693229e-01 8.550583461491622073e-01 9.854163502445888456e-01 7.995394778708826422e-01 7.084433006340091765e-01 7.147913319888332673e-01 1.820426489942095216e-02 2.675696031418141052e-01 7.932962178164124634e-01 6.395024949577245987e-01
-1.000000000000000000e+00 2.273317549262493520e-01 4.368192310114799026e-01 5.110319519327743976e-02 1.094036231031650930e-01 1.857357710576127419e-01 4.866379551666378811e-01 4.268294331010413778e-02 1.857929845089755228e-01 7.554841151167620561e-01 7.513185785232260328e-01
1.000000000000000000e+00 3.411292265672841717e-01 7.093784717080100499e-01 4.729285807774685768e-02 1.726311495740673330e-01 3.805943497359541849e-01 7.597424118672289062e-01 7.390600469743873191e-01 6.789073756040340246e-01 5.268795426401694515e-01 2.443377718588729541e-01
1.000000000000000000e+00 5.008832506347814517e-01 4.661123835382063874e-02 6.077431153197336844e-01 4.205319586753222261e-01 5.047057064592742615e-01 9.731361095789726745e-01 9.534267878896078852e-01 4.177189270590901948e-01 2.642890773520460979e-01 4.762835067101529596e-01
-1.000000000000000000e+00 8.183972636129055456e-02 9.117313949697063435e-01 5.353946863431018333e-01 5.599624440230097644e-01 8.065357604630374322e-02 6.127886521599588132e-01 5.689161384449645809e-01 3.339121402627243107e-02 3.137456848914420560e-01 3.589654514910572969e-01
-1.000000000000000000e+00 2.762225029289644418e-01 2.890737402964072000e-02 7.895069127497047479e-01 8.459507475420544598e-01 6.940429376447447840e-01 2.840176617850631580e-02 7.759861079481725765e-01 2.243568524214383242e-01 6.612027316829560686e-02 2.407924511892173269e-01
-1.000000000000000000e+00 2.208756201733957925e-01 7.250369184792460064e-02 3.600833836983848846e-01 7.429910775591566097e-01 1.302875526028278719e-01 6.997915168715330703e-01 9.852334632994056429e-01 3.263499776507562400e-01 5.633506604265126061e-01 7.133670797576102673e-01
1.000000000000000000e+00 1.906407349240732962e-01 9.095376218311781447e-01 4.051160307797183613e-01 6.272375852402392038e-01 5.000052379139802161e-01 8.875354821324118459e-01 9.126758511666538398e-01 7.963798335537323192e-01 5.360004078296115582e-01 8.248504708470795199e-01
1.000000000000000000e+00 6.681434142948540211e-01 3.940783464690558180e-01 6.715186351374110574e-01 6.194931718888169181e-01 6.652028791364650306e-02 1.931877306141596140e-01 3.128812702685802583e-01 9.528439204119676376e-01 2.767151519903918722e-01 6.462143595782350314e-01
-1.000000000000000000e+00 9.739103256017248578e-01 2.088093115905161890e-01 1.914411593049591964e-02 7.005259294407776283e-01 5.850403504040840863e-01 6.563293857292421540e-01 5.338764984700136162e-01 3.355106416732771546e-01 8.104754979678991944e-01 9.073172410624150697e-01
1.000000000000000000e+00 2.478574258917537465e-01 9.202554213341683775e-01 2.421900881842463660e-01 2.327634099564090953e-02 9.166441189948000279e-01 8.039022170234980669e-01 8.833307418776916720e-01 6.834636758601750905e-01 5.756666570618066414e-01 2.573859571459502504e-02
1.000000000000000000e+00 1.843093057261535606e-01 9.091826119142341067e-01 3.226592178031916225e-01 2.937454154047800525e-01 1.508028948104120914e-01 1.694702423940930291e-01 2.015123076591561757e-01 8.972580470284524656e-01 3.291965224778944377e-01 7.823374837155995243e-01
-1.000000000000000000e+00 8.881794591391324323e-01 3.326687244723932624e-01 3.756322623215688772e-01 2.059864529934833932e-01 4.169468766625687994e-01 3.027781854297881825e-01 1.555946163519473791e-01 5.905915213905574834e-01 8.819901005600531141e-01 7.321115945216633003e-01
1.000000000000000000e+00 2.694567833749029750e-01 9.683068819918350112e-02 8.372623051095909874e-01 9.546558535077889207e-01 8.571867412073048698e-01 9.005641711681493522e-01 5.569021783508293355e-01 1.827286341854533758e-01 1.608539057375372172e-01 6.340613768965605024e-01
-1.000000000000000000e+00 7.062744658522657204e-02 2.475171834243017344e-02 7.547205215066378203e-01 9.865960159536369956e-01 8.070100483785682677e-01 2.718126964024442094e-01 4.390726946809146991e-01 3.202010627137334975e-01 4.229113518551990136e-01 3.248131936291326349e-01
1.000000000000000000e+00 8.922800025284635117e-01 2.599523776830282573e-01 1.402285468403665636e-01 6.392830568194944885e-01 2.793098142400431971e-01 7.789579802275470310e-01 4.152569553355113241e-01 5.792757201858084182e-01 8.045064294038372088e-01 6.391930596208217352e-02
1.000000000000000000e+00 6.219938513889468057e-01 1.469709394210587661e-01 9.008495363892808916e-01 7.867438915963144153e-01 8.884945244999005176e-01 3.897160655888975977e-02 3.627928878856220285e-01 9.705201101564143729e-01 2.934420840425348009e-01 9.816398191147120977e-01
1.000000000000000000e+00 4.950864620469288546e-01 6.628602656865256737e-02 9.512248673429355428e-01 5.432201008698033240e-01 7.029905086298726680e-02 2.280334218335167140e-01 3.805296218876407233e-01 6.245635594628817788e-01 1.080576250002197591e-01 2.006963983548440966e-01
-1.000000000000000000e+00 1.029550032449988439e-02 3.450416879990620966e-01 3.155853190683163279e-01 8.577988611552325171e-01 6.879154465398613638e-01 1.947671951361193976e-01 8.527687465859877802e-01 5.940439665628061139e-01 5.617522487488424421e-01 8.610091032354869611e-01
-1.000000000000000000e+00 2.950297039119779141e-01 6.003971462746270360e-01 1.601300095277382596e-01 2.878862248450420047e-02 5.221123813346462139e-01 7.216199336837066936e-01 1.359365024375426279e-01 8.061658174748338457e-01 9.399703128158065635e-01 9.049524359665152007e-01
1.000000000000000000e+00 1.397721449755654488e-01 3.478849264739691804e-02 9.284448724395066854e-01 4.493405552149433158e-01 9.863427117048029213e-01 6.636277121298403969e-01 8.180122932187477991e-01 9.691192353021241823e-01 9.808717774781190446e-01 1.090619029480399682e-02
-1.000000000000000000e+00 8.973930671690166783e-03 1.721800934468310507e-01 5.113658355920684961e-01 7.522419726530009676e-01 8.915058958744622730e-01 5.410510539820843068e-01 2.511047504545897979e-01 1.230161411195473953e-03 7.976416522772987738e-01 1.961978432497200053e-01
1.000000000000000000e+00 8.011052159252586291e-01 2.596527944596165316e-01 9.886325014106150944e-01 3.471501626582260691e-01 1.510488602153304827e-01 4.717495992581971498e-01 4.379333330899529697e-01 8.995526588783289146e-01 7.197233178876188964e-01 6.486253046070374895e-01
-1.000000000000000000e+00 2.142912330108331931e-01 4.816727724568103941e-02 6.232627995132800081e-01 8.884208732494267569e-01 2.727213989246655146e-01 4.532314090078637392e-01 5.534404570055222461e-01 5.062160527375446639e-01 2.558347572932834213e-01 9.891486779019685871e-01
-1.000000000000000000e+00 7.262235775951698669e-01 9.688207445759013936e-01 1.155147089755632628e-01 8.894150312665461966e-01 3.586921707359526090e-01 2.710429623529608811e-02 8.921863670879078834e-01 5.333689774939750494e-01 1.632411950795268352e-01 3.900840217660033193e-01
-1.000000000000000000e+00 5.171948645976630621e-01 7.107826191536056326e-01 5.915289595005759349e-01 8.190457999907111430e-01 8.341200579505447799e-02 4.513235979428410483e-01 6.742446729745554812e-03 9.923908647291868057e-02 5.616599316405179732e-01 1.997136730125648185e-01
-1.000000000000000000e+00 1.199429177512763012e-01 5.664056422763384946e-01 2.687401701172825730e-01 7.309579003280283205e-01 5.331902468191915823e-01 7.222237956219249577e-01 6.019230673357235384e-01 3.960486428097913514e-01 5.353772953367262888e-01 3.612685960456313294e-01
1.000000000000000000e+00 7.459692122050040064e-01 5.419727982652433607e-01 5.137034275950945750e-01 1.303380274470662403e-01 9.912899646796070607e-01 8.964610726622788128e-01 5.288257454840381566e-01 9.549537783077154396e-01 2.792826624440476468e-01 4.222581308346271545e-01
1.000000000000000000e+00 9.074851884084733644e-01 3.359174140032765710e-01 4.980248545110036451e-01 5.538537262064312516e-01 4.884441813008676414e-01 4.345702936441923070e-01 9.238996679767176312e-01 7.025280323738114507e-01 5.013148533159230702e-01 4.003914730566825453e-01
-1.000000000000000000e+00 1.055194957441223380e-01 2.930968578459957063e-01 1.386837075737362701e-01 8.193511209888372226e-01 4.795651105503785372e-01 6.659332576248216951e-01 3.183877450221742622e-01 6.146792891457242280e-02 6.702063592773307432e-01 9.234675068681867938e-01
-1.000000000000000000e+00 5.428960155144758604e-01 6.196155708622758107e-01 2.065208171366160750e-01 7.684917712341202689e-01 5.565126116582538307e-01 6.814623950404792296e-01 8.404839716644085801e-02 3.180632674120832393e-01 8.123659761342376662e-01 6.510271189400910208e-01
-1.000000000000000000e+00 1.159813031021891261e-01 5.302142346742680923e-01 7.108091444849542473e-01 2.560040470304716376e-01 4.332693361766293272e-02 5.853874902744945485e-01 9.368943491663488388e-01 7.499610392230868783e-01 1.992042081145396493e-01 8.093989995831707418e-01
1.000000000000000000e+00 6.872471045567918324e-01 1.382518994453256767e-01 1.265871147405258634e-01 9.454433341043844141e-01 8.674683616090331784e-01 9.288300207778091844e-01 2.400811422634575587e-01 6.411739220717316279e-01 7.209991423939543509e-01 4.771593851304587464e-01
-1.000000000000000000e+00 5.554555456663266000e-01 4.453216386854571551e-01 6.678153790409040447e-01 6.218239459996008911e-01 5.476740621615971971e-01 4.998950964546524656e-01 9.886708705219970916e-01 9.470188912291677141e-02 5.116258487879794536e-01 3.650130600319987373e-01
1.000000000000000000e+00 8.426279858375762544e-02 5.120951637020452196e-01 7.046289031872043918e-01 2.386601875638055814e-01 7.388021626375989026e-01 2.873909429743910504e-01 4.478955945827670648e-01 9.996837757641003908e-01 6.585908707892452751e-01 6.284792565947905363e-02
1.000000000000000000e+00 6.124093999681914369e-01 5.650520362296891363e-01 5.233455628986816155e-02 9.671739711351516888e-01 4.241974200435768561e-01 3.179266706672756460e-02 6.630037581055160389e-01 9.371057344586098958e-01 5.562260140143192588e-01 4.350428036773302809e-01
1.000000000000000000e+00 4.272380639942537917e-01 7.141538752985022720e-01 7.794136310645288779e-01 8.030996998438633128e-02 8.535000583047001044e-01 5.790769017632051430e-01 5.804422302824563396e-02 8.118420530374367283e-01 5.192986819364391327e-01 8.469033206865175245e-01
1.000000000000000000e+00 6.865045852877904586e-01 8.711492477371965970e-01 1.686326327398153246e-01 7.146589245174060911e-01 7.601048797524218026e-01 8.911828325225872316e-01 2.347297453006516044e-01 9.903232123947824928e-02 5.544380416605990680e-01 4.210020646380535636e-01
1.000000000000000000e+00 5.108132592820824325e-02 2.867870477185082700e-01 4.058999105042010447e-01 9.348222062727775672e-01 6.845580196614866608e-01 4.552616746934196046e-01 7.111269462276565978e-01 1.618330009363161404e-01 1.199788894614741697e-01 4.431069474408499964e-02
-1.000000000000000000e+00 4.642709212041199462e-01 1.916622059972826753e-01 8.307357917540292291e-01 1.942315264074228054e-01 6.356363725987660418e-01 7.354171369942466008e-01 5.760845234229272638e-02 4.693978288561226897e-01 9.182117290772831009e-01 6.807132028066952278e-01
1.000000000000000000e+00 8.136467372768021455e-01 2.314199011615858392e-01 5.082187065691089467e-01 5.534319113249186461e-01 3.147038164338978872e-01 8.937659536020358120e-01 4.303966201533919733e-01 6.326062593029411207e-01 5.835793303906502416e-01 1.795794773018996038e-01
-1.000000000000000000e+00 2.858221442922805888e-01 3.171543462752968168e-02 9.281503214109314559e-01 2.009357847518020712e-01 5.572965196576751268e-02 3.591272507104495970e-01 2.345982486363085151e-03 2.162558095079060161e-01 5.635571069877788331e-01 2.944082541079133808e-01
-1.000000000000000000e+00 7.502182037439880657e-01 4.311424764566257339e-01 2.025964959915187436e-01 3.815573407696901675e-01 5.594937322155788539e-01 3.873709237427970242e-01 6.542544876249868357e-01 9.862658615917330174e-02 3.352695924538864336e-01 4.259974777870980667e-01
1.000000000000000000e+00 2.016917432919155262e-01 9.647385394822766136e-01 7.475651410448783674e-01 9.002483359151206566e-01 4.507157955281182460e-02 4.604014602993828920e-01 9.682133498766857249e-01 8.244693639651913264e-01 8.725926009238477166e-01 3.795913601863958320e-01
1.000000000000000000e+00 9.523924848188214387e-01 1.705118232801360323e-01 8.977671699297770092e-01 2.796072248374401603e-01 3.480993530581304451e-01 6.911754952414161934e-01 3.444758377791740100e-01 7.665495460780274994e-01 7.197418741667820363e-01 1.644918025418209417e-01
1.000000000000000000e+00 7.431457694238402523e-01 1.436535497882917012e-01 4.955347063821724518e-01 9.673640448609013287e-01 2.170674159633491085e-01 3.160563737521175920e-01 2.196615246781008501e-01 5.586251689478471949e-01 1.583524065266606051e-02 5.731277226346642717e-01
1.000000000000000000e+00 8.799697772739515367e-01 4.750088934944390884e-01 4.492715147113659491e-01 5.304213564388460256e-02 3.223266254272882936e-01 9.908983137911991923e-01 4.920761300443516895e-01 6.031031552896215508e-01 7.013521930625621348e-01 3.481035545516730778e-01
-1.000000000000000000e+00 7.645314030724581489e-02 7.313559535751075202e-01 6.617494938470799282e-01 7.407039714315000190e-03 8.409277293146841803e-01 7.008014114516808446e-01 9.603290879226225041e-01 1.272784821927220866e-01 8.235318437925908119e-01 2.011326005521104632e-01
-1.000000000000000000e+00 3.152677503799224956e-01 9.977764228778459588e-01 2.730074551243003578e-01 1.292470093928355102e-02 1.215822189205266746e-01 2.525743065304908441e-02 2.883046217568435710e-01 2.454662324627674419e-01 9.713976781889382961e-01 4.185202708274697869e-01
-1.000000000000000000e+00 8.163956468297817182e-04 1.391319253927103539e-02 1.373752428407324366e-01 7.022925186583250934e-02 2.050623230258338259e-01 9.548890625638390972e-01 4.147375610509429489e-02 3.876010430168691512e-01 8.982710454789387677e-01 9.015046288574672939e-01
-1.000000000000000000e+00 8.087645252136695939e-01 2.327697092428101522e-01 1.385537005496516594e-01 6.276954792191236088e-02 7.038747746637424862e-01 5.605303289916763188e-02 2.197570015113846642e-01 1.734003034959579193e-01 6.176544507614634139e-01 4.648159555701638634e-01
-1.000000000000000000e+00 5.778364099017624378e-01 8.017898713176863090e-01 2.633098282345777141e-01 5.612920689651204054e-01 5.050312240870076241e-01 7.806340746049559298e-01 8.657140463399286556e-01 4.376079671655032088e-01 9.061352812636971343e-01 2.428651198276555734e-01
-1.000000000000000000e+00 1.793592785607486251e-01 8.831940621025766713e-01 9.086816633867211834e-02 9.135948806371695374e-01 5.712591279360760277e-01 1.776987731879230425e-01 4.284348726734698021e-01 3.899381966201199701e-01 1.694138227397273821e-01 5.588726248194006985e-01
-1.000000000000000000e+00 7.852310794497793234e-01 1.525983381385250803e-01 1.051511637385077469e-01 3.982255960617064883e-01 1.705220105162209565e-01 6.452357623188664792e-01 4.649324989370802186e-01 2.775294700835476691e-01 6.770392557355044971e-01 4.054889480089185483e-01
1.000000000000000000e+00 2.040621562378859277e-01 4.030356840152609088e-01 8.941346589043585036e-01 1.033827854226263554e-01 4.461399288843458377e-01 8.538027134770768134e-01 9.521814192716198111e-01 7.878022473684496152e-01 6.852253223127338089e-01 1.907669215519028905e-01
-1.000000000000000000e+00 3.524224831982114559e-01 6.101312208005098547e-01 1.964900549203689728e-01 3.116367265616620807e-01 4.675343204331514624e-01 9.641567436288616122e-01 7.661744143981850108e-01 1.084867709137194991e-01 8.396151924381807241e-01 9.680074656713947290e-01
1.000000000000000000e+00 6.475649532785299201e-01 2.079893024417337477e-01 6.367214870234689794e-01 5.106120450561957291e-01 6.949447404168466180e-01 5.631252672660997938e-01 2.822209794627250634e-02 5.143408310585793064e-01 3.313032089165193206e-01 1.563207378844831963e-01
1.000000000000000000e+00 8.033625184015625864e-01 3.607708292129511163e-01 1.111081521334611466e-02 1.266357004306462031e-01 3.770301164123455173e-01 3.222777645724481665e-01 9.942116110306513654e-01 9.114796474834037099e-01 2.060822612674955145e-01 1.719367164943912396e-01
-1.000000000000000000e+00 8.798388073354035388e-02 9.929075632843887833e-01 5.844633701335585352e-01 9.425974704529327397e-03 9.021784160040940970e-01 2.334316788754622340e-01 8.270888085410570412e-01 4.325115061796476201e-01 8.088300609626151161e-01 5.950924888879400854e-01
1.000000000000000000e+00 3.222835365952264608e-01 5.540031268976851608e-01 8.155632108368821021e-01 9.181567226795617209e-02 8.407241707162909083e-01 7.653836919534470207e-01 8.055481038636458369e-02 7.609063925504844228e-01 1.363633976838871664e-01 7.464315755075900949e-01
1.000000000000000000e+00 8.860297279088987787e-01 8.713033541532074766e-01 7.379936566746290172e-01 7.702303663708026660e-01 5.026444621467514029e-01 8.990163049701387354e-01 6.567339876146645050e-01 5.675479938067380381e-01 6.402136419444426352e-02 7.699749237558143333e-01
-1.000000000000000000e+00 1.428154223592525973e-01 3.940166378606776432e-01 6.817038593253660350e-01 5.806721491135177216e-01 5.324806132035242445e-01 4.041770992929549777e-01 6.220622926022290056e-02 3.221216731466590710e-01 6.688532270786657907e-01 5.549113833780360272e-01
1.000000000000000000e+00 9.284273580429369677e-01 3.728354946347978149e-02 7.764831265806552141e-01 7.382904334253210799e-01 8.412408148520676976e-01 2.549189131104199202e-01 2.728028826372255189e-01 3.410791745744758963e-01 4.467642406694475321e-01 8.092316480427895753e-01
1.000000000000000000e+00 8.220692663498462283e-01 7.103923814915759083e-01 6.396409680703368794e-01 7.992341649611569565e-01 5.614452690144926539e-01 5.840522003388149974e-01 4.449779523873252929e-01 4.936059542878944439e-01 4.464493054017182327e-02 3.278487069956946831e-01
-1.000000000000000000e+00 7.239222753602669869e-01 5.324434336466433715e-01 1.202589977062438198e-01 5.790371118929447114e-01 5.608871382178468590e-01 3.945561859652239045e-01 1.394915210524022564e-01 2.580613801663744766e-01 5.403845722730579171e-01 7.928154409419814197e-01
-1.000000000000000000e+00 8.134746668665555625e-01 1.177491341621783594e-02 4.642575707713575417e-01 8.323643690010972263e-01 2.012968079633404850e-01 5.813232792765817836e-01 9.701647857731559021e-01 6.377358628839285837e-01 6.485002544924604040e-01 9.217000482623238788e-01
-1.000000000000000000e+00 3.344753164499982834e-01 5.666806703043112403e-01 7.182657987744381911e-01 4.367085028642366806e-01 5.762662909637047415e-01 3.383283159342735935e-01 5.316639412849039070e-01 6.367700282503049314e-01 1.926997677893378391e-01 9.878656787907096337e-01
-1.000000000000000000e+00 4.490814413784988135e-01 8.608255939792278655e-01 1.202295018822431283e-01 3.939011386210351517e-01 2.495748986292041227e-01 6.415063368269171562e-01 4.542157486356387386e-01 5.726661198451968859e-01 9.730429732967869061e-01 6.707137389509578718e-01
1.000000000000000000e+00 9.806286918206758019e-01 4.311593925194134869e-02 8.730101225453368308e-03 6.453440636664605767e-01 4.743515098669232044e-01 9.376132038758684395e-01 1.909810204289288382e-01 9.623770295701893351e-01 3.596122853420071763e-01 5.470099494745088720e-01
-1.000000000000000000e+00 1.830269650847921037e-01 4.029251624595306946e-01 7.258583049426066136e-01 8.524360138970066281e-02 3.060389249445770732e-01 2.079505281474225420e-02 5.494662241091573529e-01 1.945871120486132311e-01 3.468047152420324908e-01 2.667397540141425161e-01
-1.000000000000000000e+00 1.820759380534486827e-01 3.775318020698666954e-01 6.550283906686432678e-01 6.629784660597750623e-01 7.165098330815818928e-01 7.183681949408859957e-02 7.818307998425447769e-01 9.946787066151067114e-01 5.349375846275351565e-01 8.298201597042229594e-01
1.000000000000000000e+00 8.783462529857058998e-01 9.785857812994848137e-01 6.939375896042198066e-01 8.804929060658859274e-01 8.112551448682490118e-01 8.279258221156746700e-01 2.750931153397767615e-01 5.730237083934445197e-01 7.083202843273882499e-01 3.593338558106926595e-01
-1.000000000000000000e+00 2.443433987789955797e-01 4.388030379325434938e-01 9.754444912851460980e-01 2.268061196973185645e-01 8.350574845509705080e-01 8.651698908526486154e-01 4.252455732815417777e-01 1.629688674489405686e-01 1.314755463547602199e-01 9.396257576309631210e-01
1.000000000000000000e+00 3.945905375899907419e-01 7.563186843275651050e-01 4.673922564047112704e-01 9.440533483915106716e-01 3.699556121604388181e-01 9.320867307503609700e-01 3.774391213072880724e-01 7.382943932675110066e-01 6.943555880371603539e-01 9.506257535961238903e-01
1.000000000000000000e+00 1.056956422248563898e-01 9.711025696329280699e-01 1.941224503838068216e-01 5.259842051951957309e-03 9.309625625413011640e-01 1.106237704696872992e-01 8.069262824276007828e-01 9.551362649331193166e-01 7.944438837158406264e-01 3.890219379060744220e-01
-1.000000000000000000e+00 4.467301701886372545e-02 6.591074067991045116e-01 9.128213597657586220e-02 3.551368549704984057e-01 2.251293144906264532e-01 4.435577912397320466e-01 1.302509874531855294e-01 7.247359105677986246e-01 4.157942144506480142e-01 9.457677715761156900e-01
-1.000000000000000000e+00 5.754267602623613920e-01 9.028782650814404231e-01 2.975446667467811501e-01 5.808882957635719269e-02 4.039686300548132047e-01 1.829801369444709058e-01 8.168497564981105352e-01 5.642180757441785932e-01 9.997800160470605713e-01 9.948437091266657539e-01
-1.000000000000000000e+00 3.825477837988470187e-01 2.902849639444013974e-01 4.704792595827829160e-01 4.530997589246267276e-01 8.143320788100372187e-02 5.221276917701782594e-01 9.862171677503950296e-01 4.872918154277080527e-01 7.007359915458585276e-01 3.352237589959298214e-01
-1.000000000000000000e+00 7.103089539807624364e-01 9.443268710048363657e-01 7.650334247782877295e-01 2.395983705949044085e-01 6.805677286636613310e-02 8.322419649348674620e-01 7.859086198973583848e-01 3.265073014526315154e-01 7.648960405310026855e-01 3.635659011653492589e-01
1.000000000000000000e+00 3.282904436724460862e-01 8.879238895562373557e-01 6.872185763748598353e-01 5.404860197193941396e-01 3.291840127203886635e-01 2.488950310449937753e-01 1.636915060048587112e-01 8.427073040479452493e-01 4.066779895075411932e-02 4.547766887238942068e-01
1.000000000000000000e+00 4.769925247038127036e-01 8.346712216619498470e-01 7.238055213305338853e-01 9.421580423144907401e-01 5.379346750845306335e-01 5.909457666478115101e-01 6.095256297731779238e-01 9.742070410053828011e-01 6.170115810612951668e-01 7.157208648527035866e-01
1.000000000000000000e+00 9.939515510405071419e-01 7.615091286760711231e-01 8.003859698141252421e-01 5.374728359674885159e-02 7.607880612300617074e-01 6.127040593244954536e-01 3.432677190073246676e-01 7.868898674215377698e-01 2.576753023583239210e-01 1.111346668757517975e-02
-1.000000000000000000e+00 4.769531366766087688e-01 1.102009859661096103e-01 6.523646471014188375e-01 3.636728457828197758e-01 3.242917652171802834e-01 7.552887250512729800e-02 2.651274939665495545e-01 3.980685932774303826e-01 9.653744734729143850e-01 8.377712898144887843e-01
1.000000000000000000e+00 1.670784629813890643e-01 4.656854332619674297e-01 3.582294059785257057e-01 7.947196452941265310e-01 8.137968952303167303e-01 2.478193709021255797e-01 1.787616373008408255e-01 5.534216287671859247e-01 2.685398715502745892e-01 4.987196229041670481e-01
1.000000000000000000e+00 4.896696499831678651e-01 4.620564713791908140e-01 6.004601957695501202e-01 5.033690303377015285e-01 7.717755890214765824e-01 6.592471619139170791e-01 1.109918278183932294e-01 3.647245769700404594e-01 9.640758428303972671e-01 1.007987438508668454e-01
1.000000000000000000e+00 1.417607968464551504e-01 9.658965490493260919e-01 2.819840426959530078e-02 7.269095901134809967e-01 4.980471200905767226e-02 4.317429722841003015e-01 5.611898711981078147e-02 9.311748050981778491e-01 4.048350085885951133e-01 8.783351778520344100e-01
1.000000000000000000e+00 8.810053578594569945e-01 3.651853565203692087e-01 8.654303844070002638e-01 9.140786611965271424e-01 8.492832505435652379e-01 3.683220598292171744e-01 6.211567439644630761e-01 8.500779828276435746e-01 5.090391758015356816e-01 1.840608625526212183e-01
-1.000000000000000000e+00 1.464363502410118700e-01 1.887388359587200970e-01 1.095857397214609064e-01 9.278943100653935794e-01 7.996604327554035496e-01 6.825811557042413824e-01 6.023033385911806814e-01 3.974536686784061468e-01 2.787111342860933982e-01 8.913807761169644239e-01
1.000000000000000000e+00 7.005597383735220340e-01 1.116614156555411075e-01 8.748592959843962680e-01 3.543660566079550600e-01 6.644564862487269963e-01 1.554094406257545691e-01 2.181837086667082204e-02 5.192239021529413412e-01 1.176412369335024799e-01 9.999422276040103030e-01
-1.000000000000000000e+00 9.106229438983710622e-01 9.690855898865184948e-01 3.102332356536127156e-01 3.992148860491926410e-01 5.940357592593311642e-01 5.238868886108506429e-01 2.308635538480412475e-01 9.662035013733794031e-02 9.446315099211276545e-01 8.381840637875340727e-01
1.000000000000000000e+00 3.084949141571476927e-01 1.320938661244130952e-01 2.092079547257612582e-01 8.939088008052614720e-01 7.006161991441129944e-01 4.662714814027449917e-01 2.775544518196920718e-01 8.470972843672476271e-01 1.044261726914930133e-02 7.626013785487661956e-02
-1.000000000000000000e+00 7.808870464905642850e-01 2.961134195143678705e-01 1.651437418540002700e-02 3.149715527486151023e-01 7.262704065369557371e-01 5.574779340311996068e-01 8.836615872161284191e-01 2.314490984761684578e-01 1.191437222588755951e-01 5.655896645777297449e-01
-1.000000000000000000e+00 8.076468795276130486e-01 2.875101914428990213e-02 1.029137026061867077e-01 3.866912984310522106e-03 1.204615442240719592e-02 6.930374571963482389e-01 8.608028695633576088e-01 4.217434529330580384e-01 8.677871177955669424e-01 7.613318121280038264e-01
-1.000000000000000000e+00 6.186116056233618155e-01 5.883823333054171156e-01 2.950451553720343512e-01 5.932302183642063076e-01 2.417334142039635481e-01 1.607418820290023032e-01 8.538792188206913991e-01 6.149839483656132089e-01 8.536211778656195293e-01 2.452444430705172929e-01
1.000000000000000000e+00 7.166285470154111215e-01 4.184235553114125095e-01 8.382696070552381196e-01 9.703711104852497105e-01 4.890255107167417181e-01 7.333401597665224481e-01 3.067302776343494575e-01 5.732034495346465253e-01 2.923863693907392536e-01 7.187209427298897335e-01
1.000000000000000000e+00 1.032724870949330853e-02 9.225285805803565831e-01 6.492442370223161507e-02 1.584956206141552304e-01 4.860074532338165554e-01 8.768142381945396302e-01 5.205560384418084219e-02 8.165823842455776083e-01 3.509280065920999947e-01 3.895863298302653099e-01
-1.000000000000000000e+00 6.904397240733786134e-01 2.143753744286055474e-01 6.858934423464584373e-01 9.265118386700122999e-01 3.574408182196497918e-02 5.052861083900986872e-01 9.045146166487527672e-01 4.344758510734125778e-01 3.956500107447163961e-01 8.709584661942566530e-01
-1.000000000000000000e+00 6.795286349203991660e-01 8.871617150374436767e-01 7.445386030949928680e-01 2.627210898007106277e-01 2.313448848018103687e-01 3.958157986977542953e-01 8.370577590058491113e-01 4.575335328353379305e-01 5.021663624497766376e-01 5.796512664892129463e-01
-1.000000000000000000e+00 2.072620917883895020e-01 2.787119984788967164e-01 5.237018119968999130e-01 4.372938114370381602e-01 4.983725886877351519e-01 7.031550582598583565e-01 1.822466127616572118e-01 3.908149326365172316e-01 6.950622213627318802e-01 8.889219346929276844e-01
-1.000000000000000000e+00 1.757910165554943394e-02 6.539136367476013900e-01 4.066084351707347500e-01 1.116295012701857825e-01 8.772349349216306269e-01 7.077564708619943357e-02 6.673924797919829066e-01 8.234225636932045456e-01 4.977033775681891647e-01 8.900706475630314474e-01
1.000000000000000000e+00 5.361996087168482417e-01 6.386110194542106155e-01 4.470402599332250482e-01 8.611046129506064739e-01 5.727834237925283345e-01 5.794748359002366289e-01 6.747918403484162164e-01 3.627192147783548926e-01 1.369439802190011157e-01 4.517749435045388395e-01
1.000000000000000000e+00 7.436609732427781339e-01 9.145428256754363217e-01 4.783181890118338719e-01 3.313317007649522195e-01 8.261831667483021668e-01 3.066684232069825100e-01 2.585517543274773455e-01 9.587859669641872751e-01 1.883749284971635296e-01 9.480287749858787860e-01
-1.000000000000000000e+00 3.871228736291640882e-01 2.311865118284949228e-01 8.759140210107601021e-01 8.530578958436850767e-01 1.668410913696772857e-01 8.910809190035591243e-01 4.305271352305468646e-01 5.200398551875324848e-01 9.145808424979268159e-01 9.193629350508879527e-01
-1.000000000000000000e+00 3.971920275196352268e-01 1.849196842041794797e-01 7.270819931642666933e-01 6.527595359462172731e-01 2.699618172226164736e-01 1.080594653706914432e-01 7.599498272810570887e-01 1.741828154815041607e-01 3.677042125221193780e-01 2.538390836898634095e-01
-1.000000000000000000e+00 2.235695888590358837e-01 1.480512074675907064e-01 3.578584130174360389e-01 4.386251531136041715e-01 5.022586949652937394e-01 2.963803862870041383e-01 2.931825910455854167e-02 2.650373300268005217e-02 1.433543623633644071e-01 3.181685027262740606e-01
1.000000000000000000e+00 2.062314012950861031e-01 9.113874246659660061e-01 2.725414377036705638e-01 5.832216548281984325e-01 6.763862683844796830e-01 9.393859154310901793e-01 2.686375505450423473e-01 6.144467740317383075e-01 2.254567941856994162e-01 9.717658978209569032e-01
-1.000000000000000000e+00 9.618795872589669393e-02 5.173453869752884238e-01 7.512496353344833011e-02 3.049457423811317014e-01 9.256275853131943343e-01 8.135833171276631859e-01 6.725418494941695080e-01 7.861113130826312689e-01 4.012064557036680856e-01 8.505005801928752218e-01
-1.000000000000000000e+00 3.467294713337455425e-01 6.683557723691014862e-01 4.950732705393032784e-01 5.929013635871730470e-01 9.298660444680251214e-01 1.371050437346490458e-01 6.360183381322837004e-02 2.562689017594065310e-01 3.779456653693606949e-01 9.084703070531647828e-01
-1.000000000000000000e+00 6.459216535519618496e-02 7.373851675130452810e-01 8.884343364722790959e-02 7.762907708994459810e-03 9.213403885626114675e-01 2.641267662456782128e-01 1.865676955145971760e-01 3.040366228225881429e-01 5.145388894164611981e-01 1.087234872708894295e-01
1.000000000000000000e+00 9.927355685656795714e-01 9.295508297990138225e-01 6.005890448029632678e-01 7.256070145478255018e-02 6.952050661364448381e-01 1.435792873926502455e-01 6.677840923609296153e-01 7.315976943990378789e-01 7.525048951036670264e-01 8.849060702680563439e-01
1.000000000000000000e+00 1.271138760716850058e-01 1.549759964318743188e-01 8.190658751323920406e-02 7.976663542773837490e-01 2.348305252623561490e-01 6.311379784079699240e-01 9.805386871070178589e-01 8.624454073720883018e-01 8.744725308007312847e-01 1.230510561041919804e-02
1.000000000000000000e+00 3.463797438683282603e-01 8.472363460132984470e-01 4.012027214206287384e-01 7.688138698160192908e-01 7.343744704558546887e-01 6.076091214460934697e-01 1.447216875768407851e-01 2.238283494229140747e-01 2.079988049991740029e-01 2.177231841341660257e-01
1.000000000000000000e+00 7.711288324153765528e-01 1.462719139892533216e-01 8.603156500744258972e-01 3.519103495448410168e-01 8.767902295105109989e-01 1.659350572311887317e-01 1.419632926403824325e-01 6.061706291719829442e-01 6.956110981874050747e-01 9.549558197644237856e-01
-1.000000000000000000e+00 2.446281549630924257e-02 6.454606625867309599e-01 9.354426980080420284e-01 4.478810429283448524e-01 6.921044826506267400e-01 2.898064024140373229e-01 7.085773725301319770e-01 5.118117984456053149e-01 7.745615493245994188e-02 9.069007669308103425e-01
1.000000000000000000e+00 8.632929030229197220e-01 6.795311148749013652e-01 2.074838055963403871e-01 9.419730887304974543e-01 7.046819262011498886e-01 5.291141112236787958e-01 6.192341058356647387e-01 2.217843537373641594e-01 7.099672292944422258e-01 8.230469879658475207e-02
-1.000000000000000000e+00 4.561198282700236195e-01 1.289409834037458236e-01 7.303915725756547905e-01 5.685002214107522933e-01 6.109612879758965498e-01 6.662068825018087059e-01 8.502943470997137432e-01 9.771513184215162573e-01 9.117576685100858835e-01 9.660078357939059224e-01
1.000000000000000000e+00 7.781972159295043046e-01 2.957439974552328321e-01 9.513740581191906243e-01 4.475127186254695966e-01 1.886514051904388811e-01 8.200175445231288052e-01 8.168397005670835487e-01 9.448335645129157800e-02 5.446914060875274188e-03 5.788637634947224608e-02
1.000000000000000000e+00 1.174056124997172601e-01 3.643408853034659778e-01 6.836377713965524627e-01 6.577877126254350060e-01 3.468051517866604927e-01 6.395476009960407993e-01 8.786215415253939565e-02 9.599323756102077221e-01 6.844242672069733580e-03 6.763701830619158750e-01
1.000000000000000000e+00 8.398702591385430738e-01 8.725830273448919039e-01 7.599850865184540893e-01 9.135742285438411825e-01 4.265714835645262326e-02 6.263245397625201161e-01 5.790676986811711391e-01 9.370500267846855191e-01 5.109604896854424982e-01 2.333026901704611245e-01
-1.000000000000000000e+00 6.006103653213934468e-02 9.659421461741590775e-03 3.405595003794475994e-01 3.349831188591316788e-01 6.367605139790672997e-01 4.804438535895688700e-01 7.665275902027990362e-01 5.311292068003272693e-01 9.586482575050225829e-02 7.964384133119172260e-01
-1.000000000000000000e+00 3.173270992811071389e-01 2.624682333961384506e-01 9.149716588117038363e-01 7.178528768198616516e-01 6.415905991137693665e-01 3.049575025879458501e-02 9.509385104129619570e-02 4.307504942921371871e-01 5.044676579351019541e-01 9.190954383447511589e-01
-1.000000000000000000e+00 9.287839552837821033e-01 9.560080257986458552e-02 9.719255686825458707e-01 4.346382189240656224e-01 1.761927848944074837e-01 2.860414281994531072e-01 9.982705672116717333e-01 5.429240104778439990e-01 9.749743899355076682e-01 7.730114647118250248e-01
-1.000000000000000000e+00 2.478619982549407075e-01 1.590296905620922630e-01 7.312571999315757854e-01 5.672082327785543665e-01 3.952258160196354675e-01 1.873573021044681042e-01 8.659368912830628373e-01 1.700634290155635941e-01 9.955668707680240814e-01 6.794889488375336351e-01
1.000000000000000000e+00 6.189372052523633982e-02 6.875628798899490191e-01 7.951458791579602003e-02 3.772336049672173619e-01 8.337490396111634228e-01 3.274924270272995264e-01 5.270582703705281036e-01 7.187956535579710371e-01 3.722470174309850943e-01 2.589145757600856967e-01
-1.000000000000000000e+00 2.665872049564756985e-01 7.867317893975993570e-01 9.799926198058714899e-01 7.780348159187565615e-01 1.133319724881381996e-01 4.956889875535452905e-01 2.444104778940425771e-02 2.873018997321841184e-02 7.675309825894305327e-01 4.272966310818610003e-01
-1.000000000000000000e+00 5.032146446750003221e-01 9.317619357636092170e-01 5.188341148597666042e-01 4.793368974738754229e-01 6.391085009815619111e-01 5.029879538569310693e-01 8.292035404255218012e-01 2.051370276521231606e-01 4.135236309335237337e-01 3.321149496019115688e-01
-1.000000000000000000e+00 6.014865099502477719e-01 3.121086377237927145e-01 2.382956088661816185e-01 3.205835185569342327e-01 1.503978441252573628e-01 5.901060805531204156e-01 1.807957041499989037e-01 1.558695632909670170e-01 4.865387948068308210e-01 4.495384494205205694e-01
-1.000000000000000000e+00 1.777216852468076480e-01 8.634826136612238079e-01 1.033335271336899286e-02 3.586431339173413724e-01 3.983915885462652184e-03 1.624786166136009680e-01 9.372239931151601366e-01 1.797194052454420543e-02 3.385380847797387904e-01 1.186790091895604249e-01
1.000000000000000000e+00 5.533788472530258851e-01 6.815170983343982192e-01 9.970623005577421427e-01 7.401699357169292393e-01 4.341912600785383658e-01 8.173281694217725546e-01 1.934518568479109968e-01 8.675078759024675845e-01 2.267950416486955723e-01 2.490373269304974047e-01
1.000000000000000000e+00 7.959067342081082019e-01 7.223133527222118655e-01 4.211381821664484937e-01 1.520894986820522377e-01 4.679984782085309103e-01 9.826481061994986055e-01 4.390001553532640877e-03 8.149832130879129943e-01 8.742283417082560293e-01 3.993088268608249169e-01
-1.000000000000000000e+00 4.059269635121423025e-01 5.370391304538831845e-01 5.737312670201412113e-01 5.362708712436949909e-01 7.910937447452692783e-01 4.860962774262592712e-01 6.322498259737022730e-01 1.291698455879798368e-01 8.125883226626321454e-01 9.973732562397722434e-01
1.000000000000000000e+00 1.284404058576922303e-01 4.601548762948965976e-01 7.495208067399321550e-01 2.332924121353266989e-01 8.361961691654434814e-01 2.545101531263820327e-01 7.540946149424042622e-01 8.953909974626016455e-01 7.850209847748914616e-01 3.221341712774604682e-01
1.000000000000000000e+00 5.010292795168173052e-01 2.428165588148567533e-02 6.571828477640984101e-01 6.798251856202849330e-01 3.327479101843275888e-01 7.252746700330712226e-01 4.699693795372751337e-01 5.247831537584416450e-01 5.846443452518850226e-01 1.159176838624511596e-01
-1.000000000000000000e+00 9.699630745297166401e-01 8.576821848810193272e-01 2.882491050432314239e-01 1.854391659918580570e-01 7.541236887515070375e-01 2.468030646210650492e-01 5.242382796985523008e-03 1.699756200658454341e-01 9.171070528851226200e-01 9.800968795292207547e-01
-1.000000000000000000e+00 5.957773149312884930e-01 4.457591627523155298e-01 8.507051292620534388e-01 1.225737799471727785e-01 3.524178142401146463e-01 1.199234452936922546e-01 9.376049433160863478e-01 1.020093459041554462e-01 3.870955144658835279e-01 1.804075525672917957e-01
-1.000000000000000000e+00 2.475833340466252475e-01 3.529078043765158101e-01 3.875953667173238637e-01 3.346489969266290831e-01 6.056208892506842467e-01 3.136311665372476520e-01 6.605658805167036185e-02 2.946837999653950657e-01 8.103445291900760461e-01 4.520487654129224930e-01
-1.000000000000000000e+00 5.668307442060618317e-01 4.752226997622679416e-01 4.642349330132868879e-01 4.905945166427381210e-01 4.665637641612627728e-01 8.653254384567665713e-02 4.204893900374627735e-01 9.698903690608307038e-02 2.023484811195087607e-01 5.664544232374191246e-02
1.000000000000000000e+00 4.121116171387252392e-01 7.341565251678699999e-01 2.275319003913334193e-01 8.774230286938782264e-01 5.559753937489699815e-01 9.910734123255885430e-01 8.148540771592516219e-01 6.326823986178667925e-01 2.698493329275016839e-01 9.402452493294327640e-01
1.000000000000000000e+00 1.120466621877577174e-01 9.167769835312183924e-01 4.115920866442868142e-01 5.361775084110620426e-01 8.867510730359204896e-01 8.338975763968192734e-01 4.385912574966365218e-01 9.023511849546107522e-01 2.223755044408903814e-01 2.826154973398320447e-01
1.000000000000000000e+00 7.295718652243508018e-01 2.842180657777171326e-01 2.329597504318965395e-01 9.625639915758704701e-01 3.070000167076657460e-01 9.152072722333647325e-01 1.976236464503999812e-01 3.279479995167027262e-01 5.313167004582407538e-01 2.701749351765979634e-01
-1.000000000000000000e+00 6.756049507431982626e-02 2.696293238046968410e-01 3.042310875000927561e-01 7.028221201030043774e-01 9.847318575401521334e-01 5.544853112844828624e-01 9.828159870107550100e-01 4.381375874001151027e-01 1.748443087875295454e-02 9.794912840179685887e-01
-1.000000000000000000e+00 8.063455783798064713e-01 2.887475886673334102e-01 5.504944272791516546e-01 7.649945124524774043e-01 9.557249321417305987e-01 6.399900413257993970e-01 7.382888674337406698e-02 5.313263986128183847e-01 5.846803876178289228e-01 9.486121583084830000e-01
-1.000000000000000000e+00 1.824681788820903261e-02 4.993102331976049246e-01 1.589249170207717166e-01 4.759005496004484748e-01 6.381308509988528055e-01 5.239634672196844534e-01 7.370679050886014272e-01 1.269123428728538006e-01 1.454667134043804433e-01 9.692219249886582233e-01
-1.000000000000000000e+00 3.028133852519058200e-01 7.602198350815103645e-03 2.881019781201229479e-01 9.708037870074893716e-01 2.872443073584396434e-02 6.425975502735307154e-01 5.977407247746343577e-01 3.091579423422363693e-01 4.319626525787172433e-01 8.691143639063440007e-01
1.000000000000000000e+00 5.780181538370389172e-01 1.146757900814637798e-01 9.169653258045173949e-01 3.994510926437152554e-01 2.366101144741691309e-01 1.198503670162485157e-01 2.125289209241567612e-01 9.984700982393892588e-01 1.476369746764056856e-01 4.635435577208033564e-01
-1.000000000000000000e+00 6.545395337853829876e-01 9.347846767301715154e-01 1.925658936563618973e-01 3.607534863845812678e-01 9.703254687934881328e-02 7.254142921603513594e-01 6.548777536736658522e-01 2.278736190522019367e-01 2.188243960614639771e-01 3.538407296088073029e-01
1.000000000000000000e+00 2.753163264373703623e-01 4.089191006803469808e-01 6.757077160305267061e-01 6.341381748365783055e-01 2.342164088128317889e-01 6.226504044075693578e-01 1.412750984326353043e-01 8.309968399861134003e-01 3.735039354761080510e-01 4.132816569594056633e-01
1.000000000000000000e+00 3.088466992474170336e-01 9.886677425677100617e-01 6.222618228999243772e-02 7.093031802342663061e-01 8.054622808550344626e-01 7.122720687893719926e-01 8.423505153846703175e-01 8.424169733862685305e-02 1.523956717805209360e-01 2.328661024244771394e-02
-1.000000000000000000e+00 3.502928947533441306e-01 7.855815333208323592e-01 1.478937775682548361e-01 6.362088750007550697e-01 9.354258661003238551e-01 3.098925364013732642e-01 5.902100204003042361e-01 5.183096911809093044e-01 1.297536625080970563e-01 9.180010827931645023e-01
1.000000000000000000e+00 2.674623819887835818e-01 8.729568610408834362e-01 6.209119893518250111e-01 5.491737128823400704e-01 6.298203018015015031e-01 3.856769665143131576e-01 3.864661822453089313e-01 9.208103425197805558e-01 6.150643029873668066e-01 9.193214439870245336e-01
1.000000000000000000e+00 8.116762719784903490e-01 8.704874311537049714e-01 7.035631242050478518e-01 4.546990375844343069e-01 9.093056992040070563e-01 9.729488558812284804e-01 2.286279847093514173e-01 8.825202335689904531e-01 9.337586716139982812e-01 4.370750558234337557e-02
1.000000000000000000e+00 8.999401888049035625e-01 2.522070384624197636e-02 8.523177468531837331e-01 1.075193573424454430e-01 3.211314710697065200e-01 2.650136433628640376e-01 6.761386718854454081e-01 1.302187379378078047e-01 4.274317801758578117e-01 5.251371167252698591e-01
1.000000000000000000e+00 9.085878823451782882e-01 7.737901225336349942e-01 2.921548626721844899e-01 9.627998029044126937e-02 3.856989268155447403e-01 5.728352285101561137e-01 7.554922498067587755e-01 9.632311363466756760e-01 5.948805473923957088e-01 6.004932581187096829e-01
-1.000000000000000000e+00 6.452715986570849438e-01 9.204319516014136671e-02 6.344242002670189562e-01 4.045520349994148335e-01 7.915496614573453993e-01 7.168809821132310356e-01 4.275255908656611092e-01 6.788965344413555592e-01 9.339392054283901512e-01 5.704801028256728523e-01
-1.000000000000000000e+00 6.965936069619034221e-01 4.780847379512476181e-01 7.681526211010828442e-01 5.273954279683198410e-01 3.362118683963242205e-01 4.289766672410864068e-01 5.716784017181113509e-01 1.008644406353400580e-01 7.623717044798863363e-01 5.870410449020978527e-01
-1.000000000000000000e+00 7.375264808190429289e-02 6.329930093594989815e-01 6.622310869145725531e-01 1.242099109192473794e-01 1.030895366393788093e-01 1.441442480718315711e-01 7.833177669921451702e-01 2.610302080029514027e-02 8.556876831850758203e-01 4.337742342516813787e-01
-1.000000000000000000e+00 3.025974044156798382e-01 8.764278644752465652e-02 9.415025237476326581e-02 6.615426109611241001e-01 6.805431767920985253e-01 4.816446278207676679e-01 6.745290847040141813e-02 3.258675028685329433e-01 2.788588714774659083e-01 2.832887011681795020e-01
1.000000000000000000e+00 3.703530869338567122e-01 1.238168812382028916e-01 9.559627400476677916e-01 5.132384639432477913e-01 8.077898631187269141e-01 5.644407182777458898e-01 2.686564972774074800e-02 9.281053760561565058e-01 9.980961565438852823e-01 5.397019732355408106e-01
-1.000000000000000000e+00 6.447642754314926172e-01 3.205242630618165833e-03 4.884262297578955137e-01 3.349570087900501925e-01 7.334948811801734747e-01 8.711474249182485918e-01 6.127812082313738307e-01 5.282619358922535646e-01 7.866646695616382745e-01 3.228958007383780915e-01
-1.000000000000000000e+00 5.967492301972628921e-01 8.322309142544007665e-01 5.244768462067811443e-01 9.645862877769810773e-01 5.780326095977557088e-01 3.816724328876679451e-01 8.173538059505943698e-01 1.130559049366484103e-01 9.287479789235951744e-01 4.453406782768141170e-01
-1.000000000000000000e+00 1.833851172140908981e-01 8.946550148839726990e-02 3.398786562704250169e-01 4.575792986932003537e-03 4.880244747828133001e-01 6.322161633994120011e-01 2.500805688021890960e-01 3.776781009833229952e-01 2.781177937674258471e-01 5.722509548748826447e-01
1.000000000000000000e+00 7.885740892753623221e-01 3.714401198023109529e-02 5.304501221879340811e-01 5.850940020568082822e-01 7.054151914561442860e-01 3.450546813343444708e-01 9.748950196000033541e-01 1.579794467927995161e-01 3.668689502179238726e-01 1.270835544796563576e-01
1.000000000000000000e+00 9.035605937147420663e-01 4.550109824042025686e-01 9.454179090780547856e-01 5.637979251785448787e-01 7.889339299084502377e-01 1.108307085825236404e-01 9.610875339228748260e-01 9.226290964424240792e-01 6.426933704815781523e-01 7.520402189349837396e-01
1.000000000000000000e+00 1.097426099197088556e-01 1.045797047062558827e-01 2.703696698643411889e-01 6.139621990356206593e-01 5.328902086558314766e-01 2.464385174036926029e-01 1.363452635323787465e-01 9.751176932427767508e-01 8.992862011068766259e-01 1.855617015974475592e-03
1.000000000000000000e+00 2.569043671501971549e-01 9.288237785308474104e-01 8.867402501569926487e-01 6.263522711786169150e-01 9.172707640789420358e-01 9.062978452990673173e-01 1.735590012029806228e-01 3.982094081462934643e-01 1.952006830898518341e-01 2.473298716525683671e-01
-1.000000000000000000e+00 2.275294899433831786e-01 7.303531014221105178e-01 3.265165115310620925e-01 2.423903452120649282e-01 5.298703897758310077e-01 2.544032746999169703e-01 8.029618812608817491e-01 2.019481869387420581e-01 1.507925428470799911e-01 8.778942102375798529e-01
-1.000000000000000000e+00 2.380889971379090975e-01 9.416918518708365937e-01 2.913516701673294351e-01 3.193444758027750296e-01 9.193417538786352594e-01 7.061287210030695594e-01 5.721190874570918350e-01 6.587698399781563019e-01 8.351239270873540566e-01 9.585370392450410781e-01
-1.000000000000000000e+00 2.256566863620335095e-02 5.774382019473044414e-01 3.989073944072401012e-01 2.897630359959540991e-01 6.364982521127177106e-01 5.589480836408251552e-01 3.044601238516762010e-01 1.183509481814043474e-01 7.384952872031891324e-02 5.461003809089703953e-02
1.000000000000000000e+00 6.548229245369594498e-01 4.990258497961158612e-01 4.327092361351472238e-01 3.450976002465138137e-01 8.710210843023000749e-01 6.836451976190416335e-01 9.552548365947747255e-01 7.667348244209171160e-01 1.812365009760494861e-01 3.807329885584520568e-01
1.000000000000000000e+00 5.329065180066983043e-02 3.900466259894685983e-01 5.087331091997759902e-01 8.679338051065390580e-01 6.077188251042643374e-01 7.547929299443523199e-01 1.774297143781043973e-01 5.185292181746437024e-02 2.838474108320848677e-01 3.948219758893285469e-01
1.000000000000000000e+00 7.045190226649326037e-01 5.795417181464614931e-01 9.707490281547015432e-02 8.262511193538635279e-02 9.499472269564188665e-01 7.788556430962324528e-01 5.891235268323478103e-01 9.101189435519289050e-01 7.963515226840950367e-01 4.267537121922199139e-01
-1.000000000000000000e+00 4.796473214804779506e-01 6.213629295339361258e-01 5.951105643201570761e-02 3.945339954157223161e-02 5.735273788647132776e-03 1.080377066764423022e-01 3.453672527061153463e-01 8.916813117509478914e-01 5.987660555353022662e-01 9.573580017331289049e-01
1.000000000000000000e+00 4.785647375718373731e-01 4.171846583741447567e-01 7.406503936508008756e-01 3.595891240786996956e-01 2.252713524250036237e-01 1.679170129710352288e-01 2.134772671596666394e-01 8.455042840516160396e-01 2.669205300027954753e-01 6.539895345180690711e-01
1.000000000000000000e+00 9.865885579321361787e-01 8.396787159046037452e-02 6.049481095044387802e-01 8.939625502138773827e-01 4.954027989923662778e-01 9.433876743929520137e-01 2.663466221314845228e-01 6.435366592763271942e-01 9.108389128545589797e-01 9.255695766548222014e-02
1.000000000000000000e+00 6.475560296144680095e-01 6.315503535504545241e-01 8.625817007863491037e-01 1.113147830105664093e-01 2.652668380114946434e-01 7.121876082612794701e-01 9.494140125905072836e-01 9.191731238412382821e-01 1.179560660717909881e-01 2.712076495858588565e-01
-1.000000000000000000e+00 6.297836526342315278e-01 5.535772767199901301e-01 3.726083075295333336e-01 8.409756585516323657e-01 8.268126806906539450e-02 5.641898799374589490e-02 6.948120672101468775e-01 6.171556559545788856e-01 9.069042431048567332e-01 3.343263256453452570e-01
-1.000000000000000000e+00 3.914012950552872017e-01 7.926822086795398681e-01 7.217735007306373962e-01 9.004682333499205438e-01 9.886683175083551545e-01 5.387960601825254603e-01 9.631866032491196439e-01 3.297779454338422012e-01 1.917344191873898707e-01 7.957099356914731914e-01
-1.000000000000000000e+00 3.915470516977437310e-01 5.685515032696437654e-01 6.998503894957486260e-01 3.932894828478450400e-02 6.555696079129476050e-01 6.277344043395923778e-01 3.215330462415778578e-01 1.978802161394089820e-01 1.740535858515200873e-01 1.390103185441265987e-01
1.000000000000000000e+00 3.180861931487251049e-01 2.012174182218529062e-01 2.853988218673015886e-01 3.716626496923950418e-01 5.389475868096388345e-01 1.025340930637054226e-01 1.919794219784035638e-01 8.503415845529159744e-01 6.225147033033243682e-01 1.940217510817411339e-01
1.000000000000000000e+00 1.876738449417997279e-01 8.247824018020371017e-01 6.437549292235222875e-02 6.044073171325896610e-01 1.810228504621735901e-02 2.000071106593621639e-01 9.669731545674997708e-01 8.457111401577982468e-01 2.886381825376729271e-01 2.630937959676286075e-01
1.000000000000000000e+00 6.380289354792201273e-02 4.239320205605071612e-01 4.644413286158014520e-01 7.996548081006080722e-01 6.523734704966341891e-01 9.210764491799703357e-01 8.238103821797012616e-01 7.367544222869103487e-01 3.403430922919478130e-01 4.717705981311250962e-01
-1.000000000000000000e+00 2.870484069333700816e-01 6.352208290837390026e-01 8.852751347496857770e-01 6.110900707073581017e-01 3.957648002919537111e-01 2.930805470073000185e-01 4.154983667070846209e-01 1.476292594334537300e-01 2.805507674956660980e-01 3.239728911848033244e-01
1.000000000000000000e+00 2.667505172650254108e-01 9.869741363767324804e-01 3.014389315158124694e-01 5.470587719777617597e-01 1.015543453655870509e-01 9.847069366353653486e-01 4.127128227159863050e-01 6.947206257983770117e-01 3.814661155464522668e-01 5.176953770361717444e-01
1.000000000000000000e+00 2.423378485674715366e-01 1.415139161202230156e-01 6.141249737672218600e-01 1.971763096497438639e-01 3.838441628895824520e-01 9.483836323614837083e-01 9.040688782053318828e-02 3.954911960418621142e-01 8.481787443415433891e-02 3.422748313115435703e-01
1.000000000000000000e+00 1.804435397426031873e-01 8.084092444716155512e-01 2.459086574285329618e-01 6.871657381519151730e-01 6.182059668594636070e-01 5.449084735413227687e-01 9.054344152256816880e-01 4.652098566571752913e-01 9.414454894091583981e-01 1.225323698487085222e-01
-1.000000000000000000e+00 3.199789108947470595e-01 2.038596684759647060e-01 5.013688980033343956e-01 6.963896011641819150e-01 7.447191825087695616e-02 2.085376659471058769e-01 4.632381718638669543e-01 3.798936492857519776e-01 3.642773878986237390e-01 2.674169555744266846e-01
1.000000000000000000e+00 5.206684457956081147e-01 4.737713968368195694e-02 5.380770905951731686e-01 3.310831687378886778e-01 3.431314373509941618e-02 7.498113828306899320e-01 9.248830144022680555e-01 7.333686401261456655e-01 6.101711638157838458e-01 1.806403603756737697e-01
1.000000000000000000e+00 8.142225350376895987e-01 1.191370545643488654e-01 7.144185999423708910e-01 5.597394126279450211e-01 1.594944375805057435e-01 5.062344012412925975e-01 1.386135990316196276e-01 2.990259131056621777e-01 8.358684930759874288e-02 5.290722243801352365e-01
-1.000000000000000000e+00 1.147037837723638987e-01 2.388013271330458043e-02 5.005832069358410186e-01 3.958103021968132351e-01 7.547958323586551055e-01 1.457281631053449766e-01 8.599107203637779140e-01 8.871832919344468937e-02 7.547594166452081810e-01 1.995847686928152731e-01
